((("$admin" .
   [1 0 0 0 0 0])
  ("$_COOKIE" .
   [0 0 0 1 0 0 0 0])
  ("$post_data" .
   [1 0 0 0 0 0 0 0 0 1])
  ("$ip_pool" .
   [1 0 0 0 0 0 0 0])
  ("$author" .
   [1 0 0 0 0 0 2])
  ("none" .
   [2 0 0 0])
  ("$retval" .
   [1 0 0 0 0 0 0])
  ("$convrt" .
   [0 0 0 0 1 0 0])
  ("$name_arr" .
   [2 0 0 0 0 1 1 0 0])
  ("tmp" .
   [3 0 0])
  ("$last_res" .
   [0 0 0 0 0 2 0 0 0])
  ("$last_arr" .
   [2 0 0 0 0 0 0 0 0])
  ("$the_id" .
   [1 0 0 0 0 0 0])
  ("$name" .
   [3 0 0 0 0])
  ("key" .
   [2 0 0])
  ("subs" .
   [1 0 0 0])
  ("$tt_id" .
   [1 0 0 0 0 0])
  ("e" .
   [1])
  ("get_ttid_sport" .
   [0 0 0 0 0 0 1 0 0 0 0 0 0 0])
  ("$this" .
   [1 0 0 0 0])
  ("FALSE" .
   [1 0 0 0 0])
  ("$return" .
   [2 0 0 0 0 0 0])
  ("$sport" .
   [6 0 0 0 0 0])
  ("setq" .
   [3 0 0 0])
  ("remove" .
   [1 0 0 0 0 0])
  ("answer" .
   [0 0 0 1 0 0])
  ("$id" .
   [5 0 0])
  ("remove_pts_table" .
   [0 0 0 0 0 0 0 0 0 0 0 1 0 0 0 0])
  ("false" .
   [3 0 0 0 0])
  ("yes" .
   [1 0 0])
  ("manual" .
   [1 0 0 0 0 0])
  ("children" .
   [1 0 0 0 0 0 0 0])
  ("length" .
   [2 0 0 0 0 0])
  ("trending" .
   [1 0 0 0 0 0 0 0])
  ("$save" .
   [3 0 0 0 0])
  ("$new_result" .
   [0 0 0 0 0 0 0 2 1 0 0])
  ("$new_count" .
   [2 0 0 0 0 0 0 0 0 0])
  ("$new_array" .
   [3 0 0 0 2 1 0 1 0 0])
  ("menu1" .
   [1 0 0 0 0])
  ("$changes" .
   [2 0 0 0 0 0 0 0])
  ("$index" .
   [5 0 0 0 0 0])
  ("$v" .
   [3 0])
  ("$k" .
   [4 0])
  ("$va" .
   [3 0 0])
  ("$ke" .
   [3 0 0])
  ("changes" .
   [1 0 0 0 0 0 0])
  ("toObject" .
   [2 0 0 0 0 0 0 0])
  ("json_decode" .
   [0 0 0 0 0 1 0 0 0 0 1])
  ("json" .
   [3 0 0 0])
  ("$string" .
   [1 0 0 0 0 0 0])
  ("$_POST" .
   [9 0 0 0 0 0])
  ("post" .
   [1 0 0 0])
  ("the_changes" .
   [1 0 0 0 0 0 0 0 0 0 1])
  ("findOne" .
   [1 0 0 0 0 0 0])
  ("$db" .
   [1 0 0])
  ("save_menu" .
   [1 0 0 0 0 0 0 0 0])
  ("count" .
   [1 0 0 0 0])
  ("isset" .
   [5 0 0 0 0])
  ("$_SESSION" .
   [1 0 0 1 1 0 0 0 1])
  ("published" .
   [2 0 0 0 0 0 0 0 0])
  ("session" .
   [1 0 0 0 0 0 0])
  ("in" .
   [1 0])
  ("there" .
   [1 0 0 0 0])
  ("check" .
   [1 0 0 0 0])
  ("$author_name" .
   [0 0 0 0 0 0 0 1 0 0 0 0])
  ("author_name" .
   [2 0 0 0 0 2 1 0 0 0 0])
  ("Author" .
   [2 0 0 0 0 0])
  ("author_filter" .
   [1 0 0 0 0 0 0 0 0 0 0 0 0])
  ("$published" .
   [5 0 0 0 0 0 0 0 0 0])
  ("$published_by" .
   [0 0 0 0 0 0 0 0 0 1 0 0 0])
  ("$params" .
   [2 0 0 0 0 0 0])
  ("php" .
   [2 0 0])
  ("as" .
   [1 0])
  ("foreach" .
   [1 0 0 0 0 0 0])
  ("Published" .
   [2 0 0 0 0 0 1 0 1])
  ("published_by" .
   [4 0 0 0 0 0 0 0 0 1 1 0])
  ("echo" .
   [3 0 0 0])
  ("a" .
   [2])
  ("$count" .
   [10 0 0 0 0 1])
  ("$res" .
   [7 0 0 0])
  ("TRUE" .
   [1 0 0 0])
  ("get_slug_from_sport" .
   [1 0 0 0 0 0 0 0 0 0 0 0 0 0 0 0 0 0 0])
  ("$val" .
   [8 0 0 0])
  ("fo" .
   [1 0])
  ("find" .
   [3 0 0 0])
  ("url" .
   [3 0 0])
  ("all" .
   [1 0 0])
  ("slug" .
   [3 0 0 0])
  ("asif" .
   [1 0 0 0])
  ("value" .
   [1 0 0 0 0])
  ("hrs" .
   [1 0 0])
  ("display" .
   [2 0 0 0 0 0 1])
  ("hidden" .
   [1 0 0 0 0 0])
  ("API_ENDPOINT_DOMAIN" .
   [0 0 0 0 0 0 1 0 0 1 0 0 0 0 0 0 0 0 0])
  ("$saved_year" .
   [1 0 0 0 0 0 0 0 0 0 0])
  ("$year" .
   [5 0 0 0 0])
  ("each" .
   [2 0 0 0])
  ("preventDefault" .
   [0 0 0 0 0 0 0 1 0 0 0 0 0 0])
  ("event" .
   [2 0 0 0 0])
  ("href" .
   [1 0 0 0])
  ("attr" .
   [1 0 0 0])
  ("click" .
   [2 0 0 0 0])
  ("MONGO_PORT" .
   [0 0 0 0 0 1 0 0 0 0])
  ("MONGO_URL" .
   [0 0 0 0 0 1 0 0 0])
  ("myData" .
   [1 0 0 0 0 0])
  ("$value" .
   [20 0 0 0 0 0])
  ("$values" .
   [2 0 0 0 0 0 1])
  ("$arr" .
   [7 0 0 0])
  ("$keys" .
   [1 0 0 0 0])
  ("response" .
   [4 0 0 0 0 0 0 0])
  ("$microsites" .
   [0 0 0 0 1 0 1 0 0 0 0])
  ("NULL" .
   [1 0 0 0])
  ("cue" .
   [1 0 0])
  ("table" .
   [2 0 0 0 0])
  ("adventure" .
   [1 0 0 0 0 0 0 0 0])
  ("new-add-quotes" .
   [0 0 0 1 0 0 0 0 0 0 0 0 0 0])
  ("http" .
   [1 0 0 0])
  ("get_url_path" .
   [1 0 0 0 0 0 0 0 0 0 0 0])
  ("$key" .
   [11 0 0 0])
  ("$slug_array" .
   [2 0 0 0 0 0 0 0 0 0 0])
  ("$cat" .
   [1 0 0 0])
  ("$slug" .
   [17 0 0 0 0])
  ("$widget_data" .
   [0 0 0 0 1 0 0 0 0 0 0 0])
  ("$link" .
   [3 0 0 0 1])
  ("console" .
   [5 0 0 0 0 0 0])
  ("log" .
   [4 0 0])
  ("prop" .
   [3 0 1 0])
  ("if" .
   [5 0])
  ("break" .
   [1 0 0 0 0])
  ("else" .
   [6 0 0 0])
  ("counter++" .
   [1 0 0 0 0 0 0 0 0])
  ("var" .
   [5 0 0])
  ("counter" .
   [3 0 0 0 0 0 0])
  ("cols" .
   [4 0 0 0])
  ("data" .
   [10 0 0 0])
  ("push" .
   [2 0 0 0])
  ("row" .
   [1 0 0])
  ("$schedule_arr" .
   [0 0 0 0 0 0 1 0 0 0 0 0 0])
  ("$tournament" .
   [2 0 0 0 0 0 0 0 0 1 0])
  ("$schedule" .
   [2 0 0 0 0 0 0 0 1])
  ("$page_data" .
   [1 0 0 0 0 0 0 0 0 0])
  ("$main" .
   [1 0 0 0 0])
  ("$_GET" .
   [8 0 0 0 0])
  ("tournament" .
   [1 0 0 0 0 0 1 0 0 0])
  ("month" .
   [3 0 0 0 0])
  ("var_dump" .
   [2 0 0 1 0 1 2 2])
  ("$app" .
   [2 0 0 0])
  ("$month" .
   [1 0 0 0 0 0])
  ("urlencode" .
   [0 0 0 1 0 0 0 0 0])
  ("$tournament_slug" .
   [1 0 0 0 0 0 0 0 0 0 0 0 1 0 0 0])
  ("$result" .
   [15 0 0 1 4 1 5])
  ("get" .
   [3 0 0])
  ("$category" .
   [1 0 0 0 0 0 1 0 0])
  ("status" .
   [1 0 0 0 0 0])
  ("val" .
   [1 0 0])
  ("elseif" .
   [2 0 0 0 0 0])
  ("business" .
   [0 0 0 2 0 0 0 1])
  ("$main_data" .
   [2 0 0 0 0 0 0 0 0 0])
  ("$main_data_1" .
   [1 0 0 0 0 0 0 0 0 0 0 0])
  ("asXML" .
   [1 0 0 0 0])
  ("$evt_result" .
   [1 0 0 0 1 0 0 1 0 0 1])
  ("true" .
   [1 0 0 0])
  ("$run" .
   [2 0 0 0])
  ("u" .
   [1])
  ("video" .
   [2 0 0 0 0])
  ("$user_id" .
   [0 0 0 0 0 2 1 0])
  ("$vid" .
   [2 0 0 0])
  ("user" .
   [1 0 0 0])
  ("$data" .
   [1 0 0 1 0])
  ("Removed" .
   [1 0 0 0 0 0 0])
  ("the" .
   [1 0 0])
  ("successfully" .
   [1 0 0 0 0 0 0 0 0 0 0 0])
  ("add" .
   [1 0 0])
  ("confirmation" .
   [1 0 0 0 0 0 0 0 0 0 0 0])))
